"date","Current_Reported_Infected_Mean","Current_Reported_Infected_Upper_CI","Current_Reported_Infected_Lower_CI","Current_Unreported_Infected_Mean","Current_Unreported_Infected_Upper_CI","Current_Unreported_Infected_Lower_CI","Total_Current_Cases_Mean","Total_Current_Cases_Upper_CI","Total_Current_Cases_Lower_CI","Cum_Reported_Cases_Mean","Cum_Reported_Cases_Upper_CI","Cum_Reported_Cases_Lower_CI","Cum_Unreported_Cases_Mean","Cum_Unreported_Cases_Upper_CI","Cum_Unreported_Cases_Lower_CI","Total_Cum_Cases_Mean","Total_Cum_Cases_Upper_CI","Total_Cum_Cases_Lower_CI","Total_Reported_Deceased_Mean","Total_Reported_Deceased_Upper_CI","Total_Reported_Deceased_Lower_CI","Total_Unreported_Deceased_Mean","Total_Unreported_Deceased_Upper_CI","Total_Unreported_Deceased_Lower_CI","Total_Deceased_Mean","Total_Deceased_Upper_CI","Total_Deceased_Lower_CI","place"
2020-03-15,108,108,108,919,919,919,1027,1027,1027,112,112,112,943,943,943,1055,1055,1055,1,1,1,6,6,6,7,7,7,"India"
2020-03-16,221,242,200,1309,1362,1260,1530,1604,1460,231,258,206,1416,1486,1350,1647,1744,1556,1,2,1,6,8,6,7,10,7,"India"
2020-03-17,308,339,282,1590,1654,1519,1898,1993,1801,330,372,297,1813,1903,1715,2143,2275,2012,1,3,1,7,9,6,8,12,7,"India"
2020-03-18,377,410,345,1787,1863,1708,2164,2273,2053,417,463,373,2150,2262,2038,2567,2725,2411,2,3,1,7,10,6,9,13,7,"India"
2020-03-19,432,469,397,1927,2015,1839,2359,2484,2236,492,545,443,2447,2580,2320,2939,3125,2763,2,4,1,8,12,6,10,16,7,"India"
2020-03-20,475,515,436,2027,2118,1933,2502,2633,2369,559,620,503,2715,2854,2573,3274,3474,3076,2,5,1,9,13,6,11,18,7,"India"
2020-03-21,510,556,468,2099,2196,2006,2609,2752,2474,622,691,559,2963,3114,2815,3585,3805,3374,3,6,1,10,14,7,13,20,8,"India"
2020-03-22,539,581,498,2147,2254,2043,2686,2835,2541,679,748,614,3193,3359,3032,3872,4107,3646,3,7,1,11,15,7,14,22,8,"India"
2020-03-23,565,605,522,2183,2287,2083,2748,2892,2605,736,806,665,3412,3579,3251,4148,4385,3916,4,8,1,11,17,7,15,25,8,"India"
2020-03-24,586,628,546,2207,2313,2108,2793,2941,2654,789,861,719,3625,3794,3462,4414,4655,4181,4,8,1,12,17,8,16,25,9,"India"
2020-03-25,599,642,555,2232,2346,2124,2831,2988,2679,835,912,759,3838,4020,3663,4673,4932,4422,5,9,2,13,19,9,18,28,11,"India"
2020-03-26,638,682,595,2380,2507,2267,3018,3189,2862,908,985,830,4178,4372,3992,5086,5357,4822,6,10,2,14,20,9,20,30,11,"India"
2020-03-27,696,749,646,2622,2757,2495,3318,3506,3141,1001,1094,912,4624,4829,4421,5625,5923,5333,6,11,2,15,21,9,21,32,11,"India"
2020-03-28,771,826,718,2937,3092,2795,3708,3918,3513,1115,1209,1022,5165,5395,4939,6280,6604,5961,7,12,3,16,23,10,23,35,13,"India"
2020-03-29,862,927,804,3321,3497,3165,4183,4424,3969,1250,1357,1149,5802,6064,5562,7052,7421,6711,8,13,3,18,24,12,26,37,15,"India"
2020-03-30,968,1040,907,3774,3965,3600,4742,5005,4507,1405,1519,1297,6540,6829,6279,7945,8348,7576,9,14,4,19,26,12,28,40,16,"India"
2020-03-31,1093,1174,1029,4298,4501,4105,5391,5675,5134,1584,1711,1472,7388,7691,7103,8972,9402,8575,10,15,5,20,28,14,30,43,19,"India"
2020-04-01,1238,1321,1166,4896,5139,4678,6134,6460,5844,1790,1921,1665,8357,8720,8037,10147,10641,9702,11,16,5,22,30,15,33,46,20,"India"
2020-04-02,1403,1498,1324,5585,5845,5336,6988,7343,6660,2024,2173,1891,9468,9861,9110,11492,12034,11001,12,18,6,24,33,17,36,51,23,"India"
2020-04-03,1593,1699,1503,6372,6658,6074,7965,8357,7577,2293,2454,2146,10737,11158,10319,13030,13612,12465,13,20,7,27,35,18,40,55,25,"India"
2020-04-04,1810,1919,1710,7263,7576,6936,9073,9495,8646,2600,2769,2441,12178,12647,11713,14778,15416,14154,15,22,8,29,39,21,44,61,29,"India"
2020-04-05,2057,2175,1947,8284,8658,7922,10341,10833,9869,2947,3135,2775,13825,14378,13302,16772,17513,16077,16,24,9,32,43,23,48,67,32,"India"
2020-04-06,2337,2462,2220,9450,9892,9034,11787,12354,11254,3342,3539,3155,15706,16348,15112,19048,19887,18267,18,27,10,36,48,26,54,75,36,"India"
2020-04-07,2657,2791,2530,10779,11274,10278,13436,14065,12808,3795,4010,3597,17851,18562,17145,21646,22572,20742,21,30,12,40,52,28,61,82,40,"India"
2020-04-08,3024,3169,2883,12283,12848,11727,15307,16017,14610,4311,4545,4090,20285,21110,19477,24596,25655,23567,23,33,14,44,57,32,67,90,46,"India"
2020-04-09,3443,3614,3289,14005,14671,13401,17448,18285,16690,4900,5167,4658,23066,24037,22175,27966,29204,26833,26,37,17,49,62,36,75,99,53,"India"
2020-04-10,3918,4123,3732,15967,16693,15273,19885,20816,19005,5567,5880,5287,26235,27298,25217,31802,33178,30504,29,41,19,55,69,41,84,110,60,"India"
2020-04-11,4464,4681,4271,18200,19052,17453,22664,23733,21724,6332,6661,6033,29849,31082,28719,36181,37743,34752,33,45,22,61,76,46,94,121,68,"India"
2020-04-12,5081,5322,4861,20742,21698,19911,25823,27020,24772,7200,7569,6865,33962,35346,32670,41162,42915,39535,37,50,26,69,85,53,106,135,79,"India"
2020-04-13,5787,6066,5538,23641,24713,22649,29428,30779,28187,8192,8608,7813,38647,40223,37163,46839,48831,44976,42,55,29,77,95,61,119,150,90,"India"
2020-04-14,6594,6921,6306,26952,28211,25822,33546,35132,32128,9324,9798,8902,43999,45835,42301,53323,55633,51203,48,62,33,87,105,68,135,167,101,"India"
2020-04-15,7814,8210,7468,30403,31770,29107,38217,39980,36575,10916,11465,10419,49781,51802,47836,60697,63267,58255,54,68,40,98,116,80,152,184,120,"India"
2020-04-16,8854,9287,8463,33157,34706,31737,42011,43993,40200,12393,13000,11837,55151,57463,52970,67544,70463,64807,61,78,47,110,132,91,171,210,138,"India"
2020-04-17,9769,10234,9342,35440,37057,33923,45209,47291,43265,13804,14467,13184,60278,62784,57886,74082,77251,71070,70,86,55,124,146,104,194,232,159,"India"
2020-04-18,10600,11090,10140,37419,39176,35827,48019,50266,45967,15184,15897,14520,65288,68024,62671,80472,83921,77191,79,96,63,139,165,118,218,261,181,"India"
2020-04-19,11376,11895,10908,39215,41064,37478,50591,52959,48386,16557,17327,15860,70276,73261,67413,86833,90588,83273,89,106,72,155,181,133,244,287,205,"India"
2020-04-20,12121,12670,11599,40902,42890,39070,53023,55560,50669,17943,18771,17158,75304,78583,72208,93247,97354,89366,100,120,81,173,200,149,273,320,230,"India"
2020-04-21,12849,13422,12304,42532,44548,40647,55381,57970,52951,19353,20247,18523,80407,83835,77105,99760,104082,95628,112,132,92,191,220,165,303,352,257,"India"
2020-04-22,13565,14214,12993,44154,46227,42185,57719,60441,55178,20790,21788,19913,85636,89282,82113,106426,111070,102026,124,145,103,210,240,182,334,385,285,"India"
2020-04-23,14281,14948,13701,45787,48042,43687,60068,62990,57388,22265,23308,21354,91002,94980,87205,113267,118288,108559,137,160,114,229,263,198,366,423,312,"India"
2020-04-24,15000,15676,14407,47457,49811,45271,62457,65487,59678,23785,24867,22819,96535,100796,92490,120320,125663,115309,150,176,126,250,287,218,400,463,344,"India"
2020-04-25,15727,16431,15116,49168,51601,46891,64895,68032,62007,25356,26507,24333,102247,106733,97946,127603,133240,122279,165,191,139,271,310,238,436,501,377,"India"
2020-04-26,16471,17155,15820,50947,53470,48554,67418,70625,64374,26983,28147,25884,108159,112957,103592,135142,141104,129476,180,206,153,293,333,259,473,539,412,"India"
2020-04-27,17229,17974,16527,52780,55421,50296,70009,73395,66823,28667,29935,27478,114278,119388,109389,142945,149323,136867,196,222,167,316,356,280,512,578,447,"India"
2020-04-28,18005,18792,17283,54686,57398,52040,72691,76190,69323,30408,31778,29174,120616,126025,115387,151024,157803,144561,212,240,183,341,383,306,553,623,489,"India"
2020-04-29,18799,19648,18032,56672,59531,53932,75471,79179,71964,32213,33668,30892,127188,133017,121697,159401,166685,152589,229,259,196,366,408,329,595,667,525,"India"
2020-04-30,19619,20494,18828,58743,61673,55844,78362,82167,74672,34089,35642,32699,134003,140178,128115,168092,175820,160814,248,279,214,392,437,354,640,716,568,"India"
2020-05-01,20464,21378,19630,60891,64034,57834,81355,85412,77464,36036,37663,34561,141066,147649,134798,177102,185312,169359,266,298,232,420,464,380,686,762,612,"India"
2020-05-02,21331,22323,20478,63135,66352,59941,84466,88675,80419,38054,39792,36523,148401,155357,141756,186455,195149,178279,286,319,250,448,500,408,734,819,658,"India"
2020-05-03,22228,23260,21314,65486,68919,62185,87714,92179,83499,40147,41991,38502,156020,163497,148999,196167,205488,187501,306,342,268,478,533,436,784,875,704,"India"
2020-05-04,23054,24101,22126,68026,71529,64558,91080,95630,86684,42222,44117,40505,164021,171847,156614,206243,215964,197119,328,362,288,508,563,463,836,925,751,"India"
2020-05-05,24116,25201,23125,71464,75229,67775,95580,100430,90900,44581,46568,42746,173137,181516,165271,217718,228084,208017,350,388,311,540,597,494,890,985,805,"India"
2020-05-06,25388,26528,24329,75622,79462,71703,101010,105990,96032,47208,49304,45244,183257,192020,174853,230465,241324,220097,373,413,331,574,633,521,947,1046,852,"India"
2020-05-07,26833,28017,25711,80382,84400,76210,107215,112417,101921,50076,52272,47995,194333,203681,185343,244409,255953,233338,397,438,354,609,673,559,1006,1111,913,"India"
2020-05-08,28436,29688,27208,85670,89937,81385,114106,119625,108593,53185,55522,50973,206339,216248,196914,259524,271770,247887,423,466,380,646,710,597,1069,1176,977,"India"
2020-05-09,30194,31487,28905,91449,95920,86887,121643,127407,115792,56540,58987,54198,219284,229788,209218,275824,288775,263416,450,496,404,687,748,631,1137,1244,1035,"India"
2020-05-10,32103,33491,30707,97709,102491,92764,129812,135982,123471,60147,62761,57622,233189,244352,222337,293336,307113,279959,479,529,431,728,790,670,1207,1319,1101,"India"
2020-05-11,34166,35625,32690,104442,109560,99219,138608,145185,131909,64012,66768,61350,248101,259890,236609,312113,326658,297959,510,560,461,774,838,713,1284,1398,1174,"India"
2020-05-12,36387,37968,34816,111673,117059,106080,148060,155027,140896,68152,71092,65293,264078,276518,251815,332230,347610,317108,543,594,491,821,887,761,1364,1481,1252,"India"
2020-05-13,38769,40526,37075,119416,125153,113549,158185,165679,150624,72577,75721,69548,281180,294401,268208,353757,370122,337756,578,634,526,873,941,809,1451,1575,1335,"India"
2020-05-14,41339,43184,39495,127711,133674,121490,169050,176858,160985,77323,80688,73995,299480,313470,285763,376803,394158,359758,616,669,564,928,1000,861,1544,1669,1425,"India"
2020-05-15,44091,46092,42142,136571,142954,130060,180662,189046,172202,82392,86030,78848,319047,333955,304508,401439,419985,383356,655,715,599,987,1057,912,1642,1772,1511,"India"
2020-05-16,47039,49100,44986,146040,152784,139090,193079,201884,184076,87816,91620,84074,339976,355736,324478,427792,447356,408552,698,758,637,1050,1126,969,1748,1884,1606,"India"
2020-05-17,50196,52484,47961,156171,163425,148879,206367,215909,196840,93615,97786,89583,362352,379131,345825,455967,476917,435408,743,807,680,1116,1195,1035,1859,2002,1715,"India"
2020-05-18,52018,54337,49740,168520,176349,160587,220538,230686,210327,98256,102579,94064,387814,405790,370153,486070,508369,464217,790,855,728,1188,1273,1108,1978,2128,1836,"India"
2020-05-19,53953,56419,51568,180908,189251,172394,234861,245670,223962,103107,107716,98696,414399,433460,395431,517506,541176,494127,840,907,775,1265,1356,1177,2105,2263,1952,"India"
2020-05-20,56013,58500,53537,193523,202310,184456,249536,260810,237993,108197,112951,103585,442291,462285,422187,550488,575236,525772,892,962,820,1345,1444,1259,2237,2406,2079,"India"
2020-05-21,58226,60782,55638,206540,215893,196956,264766,276675,252594,113560,118513,108740,471693,493021,450263,585253,611534,559003,946,1020,873,1431,1529,1334,2377,2549,2207,"India"
2020-05-22,60615,63239,57938,220025,230050,209932,280640,293289,267870,119217,124410,114181,502704,525489,480026,621921,649899,594207,1001,1075,930,1522,1625,1422,2523,2700,2352,"India"
2020-05-23,63195,65926,60317,234102,244787,223478,297297,310713,283795,125198,130635,119829,535486,559739,511495,660684,690374,631324,1059,1135,985,1618,1725,1515,2677,2860,2500,"India"
2020-05-24,65982,68839,62950,248838,260029,237626,314820,328868,300576,131533,137271,125878,570159,595783,544589,701692,733054,670467,1119,1194,1039,1719,1830,1610,2838,3024,2649,"India"
2020-05-25,68976,71917,65855,264331,276067,252295,333307,347984,318150,138229,144144,132305,606868,633985,579518,745097,778129,711823,1182,1269,1098,1826,1946,1717,3008,3215,2815,"India"
2020-05-26,72187,75326,69023,280618,293020,268318,352805,368346,337341,145310,151516,139200,645718,674344,617239,791028,825860,756439,1248,1337,1164,1939,2061,1823,3187,3398,2987,"India"
2020-05-27,75632,78892,72402,297750,310638,284745,373382,389530,357147,152809,159292,146409,686839,717156,656614,839648,876448,803023,1317,1408,1229,2059,2190,1937,3376,3598,3166,"India"
2020-05-28,79323,82715,76102,315804,329329,301942,395127,412044,378044,160746,167543,154194,730375,762349,698261,891121,929892,852455,1389,1483,1295,2184,2316,2062,3573,3799,3357,"India"
2020-05-29,83277,86797,79850,334844,348932,320230,418121,435729,400080,169151,176283,162154,776454,809940,742448,945605,986223,904602,1464,1565,1369,2318,2451,2190,3782,4016,3559,"India"
2020-05-30,87493,91198,83832,354933,369992,339361,442426,461190,423193,178042,185568,170622,825233,860749,789188,1003275,1046317,959810,1544,1647,1442,2458,2597,2328,4002,4244,3770,"India"
2020-05-31,91994,95965,88110,376123,392150,359774,468117,488115,447884,187452,195408,179706,876864,914799,838832,1064316,1110207,1018538,1627,1731,1518,2608,2752,2466,4235,4483,3984,"India"
2020-06-01,95765,99989,91757,399484,416643,382097,495249,516632,473854,196391,204793,188355,932508,972804,891896,1128899,1177597,1080251,1715,1824,1601,2765,2917,2620,4480,4741,4221,"India"
2020-06-02,99318,103751,95117,420712,438561,402599,520030,542312,497716,205326,214186,196928,988060,1030453,945246,1193386,1244639,1142174,1807,1921,1689,2932,3083,2776,4739,5004,4465,"India"
2020-06-03,102749,107240,98432,440606,459582,421652,543355,566822,520084,214333,223426,205687,1044149,1089362,999024,1258482,1312788,1204711,1901,2019,1780,3107,3270,2947,5008,5289,4727,"India"
2020-06-04,106159,110905,101682,459760,479175,439809,565919,590080,541491,223510,233102,214395,1101226,1148239,1053639,1324736,1381341,1268034,1999,2121,1871,3289,3456,3123,5288,5577,4994,"India"
2020-06-05,109577,114521,104802,478601,498742,457936,588178,613263,562738,232886,243003,223239,1159648,1208962,1110126,1392534,1451965,1333365,2100,2222,1975,3479,3654,3301,5579,5876,5276,"India"
2020-06-06,113072,118202,108172,497377,518474,476037,610449,636676,584209,242528,253067,232463,1219661,1271650,1167884,1462189,1524717,1400347,2205,2336,2069,3676,3862,3492,5881,6198,5561,"India"
2020-06-07,116657,121852,111547,516302,538362,494009,632959,660214,605556,252457,263337,241927,1281455,1336277,1226939,1533912,1599614,1468866,2313,2447,2171,3881,4071,3693,6194,6518,5864,"India"
2020-06-08,120355,125731,114929,535560,558430,512616,655915,684161,627545,262703,273949,251639,1345216,1402536,1288159,1607919,1676485,1539798,2424,2564,2289,4093,4288,3894,6517,6852,6183,"India"
2020-06-09,124173,129590,118610,555211,578586,531510,679384,708176,650120,273281,284890,261787,1411058,1471207,1351187,1684339,1756097,1612974,2539,2674,2398,4313,4513,4107,6852,7187,6505,"India"
2020-06-10,128131,133779,122409,575337,600033,550778,703468,733812,673187,284210,296330,272191,1479082,1542594,1416030,1763292,1838924,1688221,2658,2801,2510,4541,4749,4313,7199,7550,6823,"India"
2020-06-11,132238,138059,126346,596080,621493,570434,728318,759552,696780,295512,308115,283111,1549463,1615951,1482781,1844975,1924066,1765892,2780,2934,2619,4776,4995,4548,7556,7929,7167,"India"
2020-06-12,136516,142565,130586,617441,643589,590446,753957,786154,721032,307209,320357,294489,1622258,1691441,1551991,1929467,2011798,1846480,2906,3053,2746,5022,5260,4780,7928,8313,7526,"India"
2020-06-13,140952,147284,134740,639477,666448,611552,780429,813732,746292,319304,333136,306007,1697578,1769640,1623791,2016882,2102776,1929798,3036,3189,2871,5274,5518,5019,8310,8707,7890,"India"
2020-06-14,145550,152144,139156,662213,689861,633127,807763,842005,772283,331814,346209,318134,1775506,1850441,1698272,2107320,2196650,2016406,3170,3331,3003,5535,5783,5268,8705,9114,8271,"India"
2020-06-15,150329,157187,143806,685664,714278,655131,835993,871465,798937,344765,359707,330629,1856124,1934282,1775449,2200889,2293989,2106078,3309,3481,3130,5805,6079,5524,9114,9560,8654,"India"
2020-06-16,155298,162278,148477,709900,740031,678425,865198,902309,826902,358171,373584,343522,1939538,2021508,1855246,2297709,2395092,2198768,3453,3636,3271,6087,6366,5789,9540,10002,9060,"India"
2020-06-17,160453,167709,153272,734928,766286,702295,895381,933995,855567,372045,388192,356652,2025858,2111626,1937582,2397903,2499818,2294234,3601,3790,3414,6376,6668,6057,9977,10458,9471,"India"
2020-06-18,165793,173152,158441,760811,793298,726772,926604,966450,885213,386397,403015,370441,2115210,2205069,2023027,2501607,2608084,2393468,3754,3951,3554,6676,6986,6350,10430,10937,9904,"India"
2020-06-19,171343,178853,163693,787555,821325,752160,958898,1000178,915853,401252,418468,384602,2207653,2301822,2111160,2608905,2720290,2495762,3912,4108,3697,6987,7300,6651,10899,11408,10348,"India"
2020-06-20,177098,184828,169200,815229,849894,778391,992327,1034722,947591,416624,434541,399384,2303322,2401441,2202429,2719946,2835982,2601813,4076,4292,3853,7309,7626,6963,11385,11918,10816,"India"
2020-06-21,183061,191044,175001,843853,880253,805991,1026914,1071297,980992,432533,451293,414615,2402350,2505262,2297120,2834883,2956555,2711735,4245,4466,4023,7643,7987,7281,11888,12453,11304,"India"
2020-06-22,189253,197584,180826,873455,911349,834164,1062708,1108933,1014990,448997,468622,430297,2504820,2611984,2394684,2953817,3080606,2824981,4421,4648,4197,7988,8346,7616,12409,12994,11813,"India"
2020-06-23,195660,204425,186936,904030,943735,863699,1099690,1148160,1050635,466024,486557,446646,2610832,2722714,2496463,3076856,3209271,2943109,4602,4833,4364,8345,8720,7972,12947,13553,12336,"India"
2020-06-24,202299,211384,193313,935648,976561,893983,1137947,1187945,1087296,483648,505072,463595,2720551,2836624,2601302,3204199,3341696,3064897,4789,5031,4532,8714,9124,8318,13503,14155,12850,"India"
2020-06-25,209181,218499,199968,968407,1010811,924879,1177588,1229310,1124847,501892,524026,481141,2834109,2955328,2709416,3336001,3479354,3190557,4982,5237,4727,9096,9518,8681,14078,14755,13408,"India"
2020-06-26,216314,225841,206665,1002266,1046007,957384,1218580,1271848,1164049,520759,543745,499098,2951611,3077313,2821647,3472370,3621058,3320745,5182,5437,4913,9491,9935,9062,14673,15372,13975,"India"
2020-06-27,223700,233497,213705,1037278,1082783,990448,1260978,1316280,1204153,540289,564160,517705,3073189,3204453,2937333,3613478,3768613,3455038,5389,5655,5125,9899,10343,9451,15288,15998,14576,"India"
2020-06-28,231355,241557,221328,1073451,1120486,1025014,1304806,1362043,1246342,560502,585273,537388,3198970,3335732,3057383,3759472,3921005,3594771,5601,5878,5314,10321,10786,9871,15922,16664,15185,"India"
2020-06-29,239280,249708,228801,1110893,1159564,1060961,1350173,1409272,1289762,581413,607045,557334,3329131,3471560,3181558,3910544,4078605,3738892,5822,6112,5532,10759,11251,10292,16581,17363,15824,"India"
2020-06-30,247499,258376,236725,1149637,1200494,1098021,1397136,1458870,1334746,603058,629782,578179,3463828,3612729,3310196,4066886,4242511,3888375,6050,6360,5752,11211,11716,10723,17261,18076,16475,"India"
2020-07-01,254119,264987,243286,1191499,1244216,1138247,1445618,1509203,1381533,623566,650983,597961,3605019,3760105,3445345,4228585,4411088,4043306,6286,6608,5968,11679,12211,11167,17965,18819,17135,"India"
2020-07-02,261254,272362,250326,1235980,1290709,1181692,1497234,1563071,1432018,644968,673289,618578,3752479,3914204,3586853,4397447,4587493,4205431,6530,6863,6206,12164,12725,11599,18694,19588,17805,"India"
2020-07-03,268897,280402,257873,1282791,1339931,1226952,1551688,1620333,1484825,667268,696593,640228,3906160,4074984,3734116,4573428,4771577,4374344,6780,7129,6444,12665,13244,12083,19445,20373,18527,"India"
2020-07-04,277023,288814,265562,1331696,1390638,1273533,1608719,1679452,1539095,690482,720870,662346,4066034,4241570,3886725,4756516,4962440,4549071,7036,7391,6695,13184,13785,12578,20220,21176,19273,"India"
2020-07-05,285617,297834,273822,1382625,1443845,1322904,1668242,1741679,1596726,714617,746072,685412,4232238,4415261,4046340,4946855,5161333,4731752,7300,7672,6940,13722,14342,13107,21022,22014,20047,"India"
2020-07-06,294670,307329,282397,1435532,1498726,1373076,1730202,1806055,1655473,739688,772182,709319,4404879,4594962,4210894,5144567,5367144,4920213,7573,7948,7203,14279,14912,13640,21852,22860,20843,"India"
2020-07-07,304152,317237,291550,1490482,1556266,1425973,1794634,1873503,1717523,765710,799289,734472,4584170,4782198,4382382,5349880,5581487,5116854,7856,8252,7459,14856,15517,14194,22712,23769,21653,"India"
2020-07-08,314109,327383,301189,1547466,1615710,1480379,1861575,1943093,1781568,792737,827216,760554,4770347,4977017,4559742,5563084,5804233,5320296,8146,8552,7737,15454,16144,14766,23600,24696,22503,"India"
2020-07-09,324525,338319,311249,1606494,1676757,1536396,1931019,2015076,1847645,820780,856438,787492,4963525,5177820,4744417,5784305,6034258,5531909,8445,8863,8038,16074,16805,15374,24519,25668,23412,"India"
2020-07-10,335424,349649,321935,1667693,1740684,1595182,2003117,2090333,1917117,849887,886683,815714,5164002,5387576,4936623,6013889,6274259,5752337,8755,9198,8339,16719,17460,15990,25474,26658,24329,"India"
2020-07-11,346811,361690,332839,1731060,1806580,1656186,2077871,2168270,1989025,880097,918162,844584,5372008,5604234,5135817,6252105,6522396,5980401,9076,9521,8648,17385,18158,16626,26461,27679,25274,"India"
2020-07-12,358683,374044,344309,1796712,1874447,1718642,2155395,2248491,2062951,911431,950865,874859,5587861,5828587,5342050,6499292,6779452,6216909,9408,9867,8975,18078,18878,17270,27486,28745,26245,"India"
2020-07-13,371058,386615,356076,1864743,1945790,1784060,2235801,2332405,2140136,943938,984412,905878,5811792,6062497,5556598,6755730,7046909,6462476,9751,10233,9306,18797,19623,17951,28548,29856,27257,"India"
2020-07-14,383956,400060,368229,1935133,2018701,1851784,2319089,2418761,2220013,977658,1019378,937928,6044069,6303795,5779458,7021727,7323173,6717386,10104,10609,9645,19539,20384,18649,29643,30993,28294,"India"
2020-07-15,397397,414026,381291,2008048,2094698,1922084,2405445,2508724,2303375,1012643,1055929,971604,6285018,6555426,6010849,7297661,7611355,6982453,10470,10998,9994,20313,21186,19400,30783,32184,29394,"India"
2020-07-16,411385,428385,394517,2083608,2174490,1994665,2494993,2602875,2389182,1048925,1093289,1006361,6534953,6816136,6250416,7583878,7909425,7256777,10850,11394,10362,21109,22044,20140,31959,33438,30502,"India"
2020-07-17,425936,443408,408724,2161842,2256193,2070239,2587778,2699601,2478963,1086558,1132327,1042609,6794152,7086925,6499170,7880710,8219252,7541779,11244,11799,10732,21940,22882,20939,33184,34681,31671,"India"
2020-07-18,441070,459279,423310,2242947,2341040,2148375,2684017,2800319,2571685,1125588,1172979,1080214,7063019,7367189,6757371,8188607,8540168,7837585,11649,12227,11122,22798,23789,21794,34447,36016,32916,"India"
2020-07-19,456813,475614,438251,2326923,2428562,2229183,2783736,2904176,2667434,1166083,1215167,1118904,7341839,7657866,7024686,8507922,8873033,8143590,12070,12669,11545,23692,24726,22638,35762,37395,34183,"India"
2020-07-20,473140,492506,453951,2413840,2518749,2312447,2886980,3011255,2766398,1208043,1258784,1159255,7630942,7959451,7301782,8838985,9218235,8461037,12506,13111,11969,24615,25678,23524,37121,38789,35493,"India"
2020-07-21,490105,510335,470309,2503884,2612427,2399516,2993989,3122762,2869825,1251558,1304260,1201218,7930733,8272146,7589753,9182291,9576406,8790971,12958,13575,12391,25573,26681,24436,38531,40256,36827,"India"
2020-07-22,507722,528792,487338,2597244,2709753,2489578,3104966,3238545,2976916,1296687,1351410,1244507,8241691,8596850,7888068,9538378,9948260,9132575,13426,14082,12826,26564,27716,25389,39990,41798,38215,"India"
2020-07-23,526010,548126,505098,2693868,2810267,2582510,3219878,3358393,3087608,1343474,1400185,1289628,8564032,8933024,8197545,9907506,10333209,9487173,13910,14578,13293,27594,28774,26347,41504,43352,39640,"India"
2020-07-24,545026,567918,523245,2794048,2913837,2678118,3339074,3481755,3201363,1392000,1450846,1336144,8898338,9281122,8517975,10290338,10731968,9854119,14412,15121,13786,28660,29909,27373,43072,45030,41159,"India"
2020-07-25,564779,588761,542051,2897700,3021301,2777193,3462479,3610062,3319244,1442339,1503655,1384459,9244867,9641899,8849814,10687206,11145554,10234273,14933,15639,14277,29768,31051,28441,44701,46690,42718,"India"
2020-07-26,585270,610097,561455,3005139,3132566,2880480,3590409,3742663,3441935,1494524,1557899,1434219,9604197,10016265,9195039,11098721,11574164,10629258,15473,16181,14811,30917,32252,29555,46390,48433,44366,"India"
2020-07-27,606514,632180,581342,3116392,3248743,2986437,3722906,3880923,3567779,1548615,1614130,1485670,9976699,10404809,9551864,11525314,12018939,11037534,16034,16762,15337,32108,33468,30672,48142,50230,46009,"India"
2020-07-28,628552,655198,602342,3231678,3369215,3097095,3860230,4024413,3699437,1604696,1672563,1539288,10362912,10807833,9922380,11967608,12480396,11461668,16614,17376,15893,33340,34766,31867,49954,52142,47760,"India"
2020-07-29,651420,679361,624657,3351045,3493543,3212720,4002465,4172904,3837377,1662853,1733211,1595447,10763262,11224921,10307431,12426115,12958132,11902878,17214,17996,16477,34622,36097,33118,51836,54093,49595,"India"
2020-07-30,675156,704455,647023,3474681,3621341,3331034,4149837,4325796,3978057,1723136,1796504,1653220,11178247,11655459,10705270,12901383,13451963,12358490,17837,18645,17068,35945,37449,34388,53782,56094,51456,"India"
2020-07-31,699720,730217,670694,3602782,3754938,3453263,4302502,4485155,4123957,1785583,1861722,1713258,11608467,12103393,11117275,13394050,13965115,12830533,18483,19327,17702,37318,38866,35702,55801,58193,53404,"India"
2020-08-01,726036,757437,696001,3734638,3893085,3579664,4460674,4650522,4275665,1851173,1929973,1776322,12053604,12569562,11544344,13904777,14499535,13320666,19153,20019,18354,38744,40385,37065,57897,60404,55419,"India"
2020-08-02,748674,781157,717824,3840114,4003148,3679897,4588788,4784305,4397721,1914545,1995905,1836891,12483817,13019398,11956460,14398362,15015303,13793351,19846,20733,19032,40219,41909,38474,60065,62642,57506,"India"
2020-08-03,768648,801990,737183,3927132,4093965,3763741,4695780,4895955,4500924,1976530,2060563,1896385,12904652,13458185,12359496,14881182,15518748,14255881,20559,21476,19701,41740,43477,39952,62299,64953,59653,"India"
2020-08-04,786679,820691,754651,4001159,4170079,3834922,4787838,4990770,4589573,2037714,2123934,1955289,13319977,13890280,12758242,15357691,16014214,14713531,21293,22228,20394,43298,45106,41470,64591,67334,61864,"India"
2020-08-05,803315,837968,770814,4066220,4237524,3897460,4869535,5075492,4668274,2098497,2187237,2013916,13732598,14319282,13153927,15831095,16506519,15167843,22044,23027,21110,44889,46773,42992,66933,69800,64102,"India"
2020-08-06,818916,854035,785508,4124988,4299723,3953254,4943904,5153758,4738762,2159171,2250608,2071810,14144419,14748618,13548702,16303590,16999226,15620512,22810,23844,21850,46511,48454,44567,69321,72298,66417,"India"
2020-08-07,833753,869417,799766,4179652,4355721,4005709,5013405,5225138,4805475,2219958,2313927,2129924,14557050,15177068,13945029,16777008,17490995,16074953,23594,24646,22600,48154,50165,46122,71748,74811,68722,"India"
2020-08-08,848040,884238,813485,4231491,4410890,4055724,5079531,5295128,4869209,2281019,2377560,2188502,14971450,15609547,14342253,17252469,17987107,16530755,24391,25469,23375,49829,51939,47724,74220,77408,71099,"India"
2020-08-09,861897,898706,826746,4281544,4462588,4103935,5143441,5361294,4930681,2342460,2441635,2247452,15388369,16042491,14742520,17730829,18484126,16989972,25202,26320,24185,51525,53703,49378,76727,80023,73563,"India"
2020-08-10,875417,912858,839532,4330537,4514436,4151796,5205954,5427294,4991328,2404342,2505981,2306779,15808391,16481115,15145875,18212733,18987096,17452654,26027,27169,24995,53242,55499,51005,79269,82668,76000,"India"
2020-08-11,888689,926599,852492,4379078,4564983,4198446,5267767,5491582,5050938,2466744,2570922,2366826,16231997,16922151,15551916,18698741,19493073,17918742,26862,28050,25817,54985,57317,52688,81847,85367,78505,"India"
2020-08-12,901794,940160,865576,4427363,4615477,4243696,5329157,5555637,5109272,2529714,2636587,2427415,16659429,17367632,15960671,19189143,20004219,18388086,27710,28923,26625,56749,59182,54350,84459,88105,80975,"India"
2020-08-13,914783,953625,878175,4475670,4666214,4289856,5390453,5619839,5168031,2593289,2702582,2488579,17090973,17817291,16373955,19684262,20519873,18862534,28572,29825,27470,58537,61052,56032,87109,90877,83502,"India"
2020-08-14,927643,967226,890316,4524291,4718166,4335922,5451934,5685392,5226238,2657491,2769576,2550060,17526777,18272759,16791284,20184268,21042335,19341344,29446,30774,28307,60345,62931,57754,89791,93705,86061,"India"
2020-08-15,940453,980525,902800,4573247,4769595,4381642,5513700,5750120,5284442,2722351,2837251,2612163,17967009,18731139,17212250,20689360,21568390,19824413,30330,31694,29117,62177,64815,59485,92507,96509,88602,"India"
2020-08-16,953205,994116,915124,4622751,4821093,4430176,5575956,5815209,5345300,2787889,2905810,2675480,18411856,19194442,17639339,21199745,22100252,20314819,31231,32619,29998,64031,66736,61269,95262,99355,91267,"India"
2020-08-17,965916,1007434,927265,4672729,4873389,4478110,5638645,5880823,5405375,2854101,2975091,2738880,18861281,19662254,18069852,21715382,22637345,20808732,32143,33581,30885,65908,68637,63116,98051,102218,94001,"India"
2020-08-18,978642,1020689,939225,4723299,4926122,4526055,5701941,5946811,5465280,2921022,3045126,2802958,19315525,20135724,18504557,22236547,23180850,21307515,33068,34553,31723,67811,70614,64926,100879,105167,96649,"India"
2020-08-19,991363,1033853,951294,4774434,4979629,4574968,5765797,6013482,5526262,2988643,3115528,2867844,19774566,20613563,18943512,22763209,23729091,21811356,34001,35515,32653,69735,72644,66801,103736,108159,99454,"India"
2020-08-20,1004058,1046815,963823,4826246,5033591,4624554,5830304,6080406,5588377,3056966,3186259,2933715,20238545,21096787,19387682,23295511,24283046,22321397,34949,36513,33542,71683,74626,68646,106632,111139,102188,"India"
2020-08-21,1016834,1059733,975812,4878611,5088655,4674940,5895445,6148388,5650752,3126063,3257875,3000010,20707468,21584741,19837569,23833531,24842616,22837579,35910,37518,34477,73653,76718,70520,109563,114236,104997,"India"
2020-08-22,1029623,1073028,988106,4931597,5142899,4724359,5961220,6215927,5712465,3195893,3330842,3066949,21181411,22077495,20290727,24377304,25408337,23357676,36885,38526,35388,75644,78794,72372,112529,117320,107760,"India"
2020-08-23,1042436,1086545,1000610,4985210,5198190,4775402,6027646,6284735,5776012,3266458,3404408,3134979,21660416,22575523,20749628,24926874,25979931,23884607,37868,39556,36317,77663,80851,74351,115531,120407,110668,"India"
2020-08-24,1055271,1100152,1012864,5039381,5254555,4826159,6094652,6354707,5839023,3337774,3479204,3203351,22144540,23079335,21212590,25482314,26558539,24415941,38864,40588,37276,79705,82997,76279,118569,123585,113555,"India"
2020-08-25,1068198,1113350,1025191,5094265,5311176,4879664,6162463,6424526,5904855,3409881,3554031,3272218,22633914,23587872,21681912,26043795,27141903,24954130,39874,41598,38247,81771,85138,78222,121645,126736,116469,"India"
2020-08-26,1081141,1126370,1037308,5149778,5367953,4932804,6230919,6494323,5970112,3482747,3629560,3342100,23128556,24101973,22156074,26611303,27731533,25498174,40895,42678,39235,83860,87343,80262,124755,130021,119497,"India"
2020-08-27,1094170,1139694,1049814,5205847,5424757,4986612,6300017,6564451,6036426,3556396,3705876,3412750,23628506,24619891,22634632,27184902,28325767,26047382,41926,43746,40259,85971,89523,82297,127897,133269,122556,"India"
2020-08-28,1107230,1153448,1062773,5262558,5483280,5040393,6369788,6636728,6103166,3630829,3783795,3484416,24133769,25145425,23117975,27764598,28929220,26602391,42973,44834,41260,88106,91745,84371,131079,136579,125631,"India"
2020-08-29,1120352,1167084,1075364,5319863,5542906,5095917,6440215,6709990,6171281,3706070,3862453,3556482,24644404,25675878,23607723,28350474,29538331,27164205,44029,45910,42267,90269,93962,86448,134298,139872,128715,"India"
2020-08-30,1133570,1180783,1088268,5377759,5603871,5151766,6511329,6784654,6240034,3782128,3941337,3629841,25160566,26212651,24102385,28942694,30153988,27732226,45101,47029,43293,92460,96222,88536,137561,143251,131829,"India"
2020-08-31,1146844,1194355,1100934,5436188,5664457,5207343,6583032,6858812,6308277,3858980,4021102,3703475,25682158,26755325,24602252,29541138,30776427,28305727,46182,48140,44337,94670,98564,90635,140852,146704,134972,"India"
2020-09-01,1180605,1229370,1133436,5474901,5705838,5242701,6655506,6935208,6376137,3957069,4122809,3798016,26188982,27283144,25086241,30146051,31405953,28884257,47278,49282,45450,96909,100879,92783,144187,150161,138233,"India"
2020-09-02,1209935,1260349,1161488,5497682,5730692,5263064,6707617,6991041,6424552,4052609,4222676,3889957,26682537,27797813,25557521,30735146,32020489,29447478,48408,50477,46539,99174,103243,94928,147582,153720,141467,"India"
2020-09-03,1235673,1286877,1186671,5509284,5743158,5273753,6744957,7030035,6460424,4146212,4319694,3980285,27166245,28300797,26019970,31312457,32620491,30000255,49564,51682,47676,101464,105589,97136,151028,157271,144812,"India"
2020-09-04,1258558,1310466,1208663,5513151,5747515,5276944,6771709,7057981,6485607,4238410,4415365,4068681,27642576,28796607,26475224,31880986,33211972,30543905,50743,52922,48783,103773,108024,99325,154516,160946,148108,"India"
2020-09-05,1279103,1331666,1229151,5511869,5746518,5276212,6790972,7078184,6505363,4329542,4510131,4156969,28113436,29286219,26926745,32442978,33796350,31083714,51944,54153,49942,106092,110457,101566,158036,164610,151508,"India"
2020-09-06,1297656,1350966,1246858,5507110,5740959,5272838,6804766,7091925,6519696,4419829,4603930,4243789,28580098,29771614,27374930,32999927,34375544,31618719,53167,55412,51111,108429,112841,103850,161596,168253,154961,"India"
2020-09-07,1314621,1368499,1263037,5500275,5732788,5266299,6814896,7101287,6529336,4509574,4697160,4329904,29043659,30253431,27818386,33553233,34950591,32148290,54406,56704,52263,110774,115261,106102,165180,171965,158365,"India"
2020-09-08,1330132,1384454,1277694,5492331,5724319,5259011,6822463,7108773,6536705,4598808,4789998,4415435,29504833,30732978,28259622,34103641,35522976,32675057,55661,58041,53480,113127,117701,108373,168788,175742,161853,"India"
2020-09-09,1344415,1399171,1291380,5483641,5714741,5250006,6828056,7113912,6541386,4687706,4882435,4500965,29964049,31210731,28698573,34651755,36093166,33199538,56934,59366,54672,115490,120137,110652,172424,179503,165324,"India"
2020-09-10,1357633,1412976,1303834,5474762,5705018,5242519,6832395,7117994,6546353,4776315,4975139,4586136,30421823,31687107,29137427,35198138,36662246,33723563,58217,60699,55907,117857,122620,112950,176074,183319,168857,"India"
2020-09-11,1369866,1425540,1316075,5466046,5695815,5234590,6835912,7121355,6550665,4864690,5066959,4671608,30878488,32162800,29575266,35743178,37229759,34246874,59514,62037,57196,120235,125039,115164,179749,187076,172360,"India"
2020-09-12,1381230,1437656,1327117,5457691,5685411,5225884,6838921,7123067,6553001,4952885,5159055,4756559,31334244,32635138,30011511,36287129,37794193,34768070,60825,63410,58455,122616,127474,117468,183441,190884,175923,"India"
2020-09-13,1391846,1448152,1337061,5449765,5676529,5218794,6841611,7124681,6555855,5040949,5250399,4840814,31789260,33108265,30447873,36830209,38358664,35288687,62143,64780,59746,125009,129983,119755,187152,194763,179501,"India"
2020-09-14,1401749,1458430,1346887,5442342,5668517,5212711,6844091,7126947,6559598,5128908,5342308,4925722,32243627,33580456,30883533,37372535,38922764,35809255,63473,66181,60994,127397,132455,122041,190870,198636,183035,"India"
2020-09-15,1411009,1467925,1356360,5435499,5660667,5205641,6846508,7128592,6562001,5216771,5433623,5010473,32697553,34052492,31317740,37914324,39486115,36328213,64816,67614,62279,129800,134970,124329,194616,202584,186608,"India"
2020-09-16,1419679,1477185,1364983,5429310,5653463,5201477,6848989,7130648,6566460,5304554,5525798,5095175,33151072,34524352,31753287,38455626,40050150,36848462,66161,69040,63560,132204,137511,126666,198365,206551,190226,"India"
2020-09-17,1427780,1485207,1372760,5423697,5647556,5196766,6851477,7132763,6569526,5392268,5616777,5179636,33604309,34995427,32187172,38996577,40612204,37366808,67518,70469,64821,134615,140052,128961,202133,210521,193782,"India"
2020-09-18,1435380,1493097,1380484,5418620,5643880,5192355,6854000,7136977,6572839,5479944,5707944,5264140,34057197,35467999,32621074,39537141,41175943,37885214,68881,71888,66137,137025,142523,131275,205906,214411,197412,"India"
2020-09-19,1442561,1500513,1387438,5414149,5638355,5186725,6856710,7138868,6574163,5567574,5799084,5348255,34509946,35938392,33053635,40077520,41737476,38401890,70255,73324,67411,139441,145067,133560,209696,218391,200971,"India"
2020-09-20,1449224,1507690,1394301,5410250,5634939,5183062,6859474,7142629,6577363,5655138,5890589,5433019,34962486,36408790,33486796,40617624,42299379,38919815,71634,74768,68745,141861,147514,135991,213495,222282,204736,"India"
2020-09-21,1455519,1513859,1400264,5406810,5631069,5181107,6862329,7144928,6581371,5742684,5981248,5516931,35414894,36879440,33922049,41157578,42860688,39438980,73014,76202,70053,144285,150021,138275,217299,226223,208328,"India"
2020-09-22,1461473,1520535,1406130,5403873,5627268,5177813,6865346,7147803,6583943,5830229,6073117,5601233,35867182,37350219,34355088,41697411,43423336,39956321,74406,77673,71402,146718,152570,140583,221124,230243,211985,"India"
2020-09-23,1467096,1526633,1411775,5401376,5623706,5175814,6868472,7150339,6587589,5917778,6164446,5685565,36319358,37819574,34787985,42237136,43984020,40473550,75802,79107,72742,149152,155154,142955,224954,234261,215697,"India"
2020-09-24,1472348,1531656,1417140,5399382,5621521,5175010,6871730,7153177,6592150,6005277,6255134,5769942,36771522,38289619,35221447,42776799,44544753,40991389,77206,80574,74089,151592,157643,145336,228798,238217,219425,"India"
2020-09-25,1477311,1536557,1422603,5397618,5619910,5173058,6874929,7156467,6595661,6092781,6345908,5854525,37223574,38760732,35653952,43316355,45106640,41508477,78614,82060,75423,154044,160184,147648,232658,242244,223071,"India"
2020-09-26,1481970,1541070,1427149,5396314,5618781,5172858,6878284,7159851,6600007,6180274,6436705,5938554,37675622,39230733,36087546,43855896,45667438,42026100,80025,83541,76791,156491,162708,149971,236516,246249,226762,"India"
2020-09-27,1486338,1545550,1431358,5395224,5617932,5171646,6881562,7163482,6603004,6267739,6527461,6022623,38127572,39701009,36520440,44395311,46228470,42543063,81442,85003,78150,158949,165215,152330,240391,250218,230480,"India"
2020-09-28,1490547,1550015,1435674,5394476,5616582,5170853,6885023,7166597,6606527,6355234,6618924,6106887,38579539,40171216,36952921,44934773,46790140,43059808,82861,86462,79542,161405,167810,154681,244266,254272,234223,"India"
2020-09-29,1494506,1553989,1439987,5394057,5614593,5170639,6888563,7168582,6610626,6442746,6709486,6191574,39031493,40640463,37385837,45474239,47349949,43577411,84286,87922,80972,163865,170365,157087,248151,258287,238059,"India"
2020-09-30,1498201,1557856,1443290,5393897,5614885,5171048,6892098,7172741,6614338,6530219,6800257,6275524,39483506,41110954,37819518,46013725,47911211,44095042,85712,89421,82314,166327,172913,159451,252039,262334,241765,"India"
2020-10-01,1494457,1554077,1439866,5401250,5621315,5178770,6895707,7175392,6618636,6610455,6883936,6353159,39942783,41588018,38260761,46553238,48471954,44613920,87141,90884,83716,168794,175444,161852,255935,266328,245568,"India"
2020-10-02,1488210,1546969,1433877,5392541,5610407,5171140,6880751,7157376,6605017,6687972,6964140,6427657,40386676,42048615,38686824,47074648,49012755,45114481,88568,92395,85123,171260,178017,164224,259828,270412,249347,"India"
2020-10-03,1480171,1538229,1426378,5372175,5587843,5150612,6852346,7126072,6576990,6763350,7042097,6500645,40818128,42496580,39098067,47581478,49538677,45598712,89991,93870,86496,173730,180580,166572,263721,274450,253068,"India"
2020-10-04,1470822,1528556,1417301,5343464,5556949,5123586,6814286,7085505,6540887,6836947,7119092,6571649,41239424,42934151,39502599,48076371,50053243,46074248,91407,95315,87851,176192,183153,168916,267599,278468,256767,"India"
2020-10-05,1460510,1517726,1407717,5308758,5520203,5091284,6769268,7037929,6499001,6909044,7193793,6641249,41652161,43362374,39899094,48561205,50556167,46540343,92814,96784,89186,178641,185695,171248,271455,282479,260434,"India"
2020-10-06,1449505,1506254,1397002,5269778,5479080,5055016,6719283,6985334,6452018,6979871,7267435,6709530,42057575,43783483,40289048,49037446,51050918,46998578,94210,98188,90468,181081,188237,173619,275291,286425,264087,"India"
2020-10-07,1437961,1493999,1385642,5227858,5435902,5015482,6665819,6929901,6401124,7049563,7339903,6776552,42456623,44198965,40671922,49506186,51538868,47448474,95597,99651,91794,183498,190734,175900,279095,290385,267694,"India"
2020-10-08,1426117,1480966,1374486,5183888,5388979,4973689,6610005,6869945,6348175,7118278,7410766,6843065,42849918,44607385,41049816,49968196,52018151,47892881,96969,101090,93175,185902,193253,178265,282871,294343,271440,"India"
2020-10-09,1414006,1468245,1363070,5138546,5340156,4931044,6552552,6808401,6294114,7186075,7480999,6908453,43238041,45009295,41422744,50424116,52490294,48331197,98332,102490,94513,188289,195745,180573,286621,298235,275086,"India"
2020-10-10,1401728,1455502,1351089,5092353,5290506,4887811,6494081,6746008,6238900,7253017,7550773,6973006,43621325,45406268,41791960,50874342,52957041,48764966,99683,103925,95803,190657,198174,182879,290340,302099,278682,"India"
2020-10-11,1389377,1442548,1339172,5045801,5242331,4843705,6435178,6684879,6182877,7319193,7619282,7036538,44000129,45800603,42156210,51319322,53419885,49192748,101019,105320,97067,193005,200608,185196,294024,305928,282263,"India"
2020-10-12,1376987,1429660,1327069,4998976,5191995,4798377,6375963,6621655,6125446,7384615,7687050,7099485,44374618,46188684,42515152,51759233,53875734,49614637,102348,106697,98363,195341,202960,187441,297689,309657,285804,"India"
2020-10-13,1364574,1416707,1315267,4952070,5143033,4753607,6316644,6559740,6068874,7449331,7754402,7161979,44744980,46573593,42871231,52194311,54327995,50033210,103664,108093,99594,197656,205351,189653,301320,313444,289247,"India"
2020-10-14,1352152,1403997,1303368,4905423,5094582,4709670,6257575,6498579,6013038,7513335,7821187,7223733,45111460,46954989,43223691,52624795,54776176,50447424,104966,109480,100881,199952,207723,191836,304918,317203,292717,"India"
2020-10-15,1339805,1391244,1291236,4858982,5046130,4665930,6198787,6437374,5957166,7576698,7887350,7284755,45474110,47331181,43572890,53050808,55218531,50857645,106258,110822,102120,202230,210072,194017,308488,320894,296137,"India"
2020-10-16,1327489,1378463,1279650,4812818,4997442,4621592,6140307,6375905,5901242,7639420,7952336,7345484,45833012,47702435,43917519,53472432,55654771,51263003,107540,112138,103379,204489,212447,196199,312029,324585,299578,"India"
2020-10-17,1315203,1366071,1268183,4767062,4948384,4578286,6082265,6314455,5846469,7701483,8017218,7405672,46188287,48070101,44259150,53889770,56087319,51664822,108809,113481,104582,206730,214798,198344,315539,328279,302926,"India"
2020-10-18,1303000,1353630,1256271,4721638,4899644,4535354,6024638,6253274,5791625,7762920,8081056,7464581,46539911,48434542,44597642,54302831,56515598,52062223,110067,114794,105773,208951,217072,200491,319018,331866,306264,"India"
2020-10-19,1290857,1340981,1244567,4676728,4853383,4493350,5967585,6194364,5737917,7823744,8144231,7522938,46888114,48796398,44932185,54711858,56940629,52455123,111313,116097,106986,211151,219350,202621,322464,335447,309607,"India"
2020-10-20,1278826,1328158,1232750,4632237,4807427,4450986,5911063,6135585,5683736,7883964,8206675,7580568,47232778,49155281,45263626,55116742,57361956,52844194,112549,117346,108200,213332,221652,204735,325881,338998,312935,"India"
2020-10-21,1266850,1316230,1221372,4588123,4760801,4409450,5854973,6077031,5630822,7943582,8268981,7638182,47574080,49508986,45592573,55517662,57777967,53230755,113769,118603,109333,215501,223940,206793,329270,342543,316126,"India"
2020-10-22,1254963,1303865,1209924,4544457,4715117,4367419,5799420,6018982,5577343,8002622,8330001,7694880,47911987,49859560,45917468,55914609,58189561,53612348,114980,119870,110466,217648,226115,208841,332628,345985,319307,"India"
2020-10-23,1243179,1291888,1198459,4501171,4670182,4325971,5744350,5962070,5524430,8061086,8390830,7751264,48246543,50207325,46239757,56307629,58598155,53991021,116181,121112,111636,219776,228355,210930,335957,349467,322566,"India"
2020-10-24,1231475,1279554,1187175,4458367,4625846,4285250,5689842,5905400,5472425,8118945,8450501,7807317,48577873,50551100,46558370,56696818,59001601,54365687,117370,122380,112789,221887,230574,212955,339257,352954,325744,"India"
2020-10-25,1219877,1267577,1176159,4416007,4582345,4245279,5635884,5849922,5421438,8176258,8509983,7862377,48905909,50892690,46874551,57082167,59402673,54736928,118546,123552,113937,223980,232729,214957,342526,356281,328894,"India"
2020-10-26,1208364,1255349,1165169,4374071,4538450,4206042,5582435,5793799,5371211,8233010,8568274,7916984,49230756,51229854,47186636,57463766,59798128,55103620,119710,124794,115051,226051,234838,216920,345761,359632,331971,"India"
2020-10-27,1196939,1243521,1154580,4332542,4496418,4166681,5529481,5739939,5321261,8289184,8626636,7971599,49552435,51564885,47496309,57841619,60191521,55467908,120864,126022,116144,228107,236926,218900,348971,362948,335044,"India"
2020-10-28,1185623,1231655,1143694,4291403,4454082,4126769,5477026,5685737,5270463,8344833,8684127,8025539,49870945,51895927,47802292,58215778,60580054,55827831,122009,127201,117269,230144,239003,220866,352153,366204,338135,"India"
2020-10-29,1174395,1219845,1132771,4250699,4410939,4088262,5425094,5630784,5221033,8399941,8740733,8078854,50186335,52222107,48106374,58586276,60962840,56185228,123142,128361,118404,232160,241081,222830,355302,369442,341234,"India"
2020-10-30,1163266,1208270,1121848,4210304,4369182,4049866,5373570,5577452,5171714,8454514,8797389,8131221,50498627,52546914,48407528,58953141,61344303,56538749,124263,129537,119493,234163,243131,224770,358426,372668,344263,"India"
2020-10-31,1152216,1196769,1111099,4170266,4328074,4011564,5322482,5524843,5122663,8508532,8853679,8183570,50807817,52868215,48705373,59316349,61721894,56888943,125374,130682,120578,236145,245166,226654,361519,375848,347232,"India"
2020-11-01,1141270,1185213,1100606,4130723,4286967,3973674,5271993,5472180,5074280,8562026,8909139,8235107,51114058,53185681,49000066,59676084,62094820,57235173,126474,131834,121663,238109,247135,228596,364583,378969,350259,"India"
2020-11-02,1130440,1173421,1090225,4091593,4245574,3935947,5222033,5418995,5026172,8615013,8963087,8286047,51417336,53500619,49291606,60032349,62463706,57577653,127566,132956,122666,240058,249208,230468,367624,382164,353134,"India"
2020-11-03,1119712,1162336,1080098,4052804,4204931,3899195,5172516,5367267,4979293,8667493,9017783,8336652,51717612,53812288,49580820,60385105,62830071,57917472,128645,134054,123745,241989,251250,232325,370634,385304,356070,"India"
2020-11-04,1109061,1150575,1070167,4014361,4165217,3862861,5123422,5315792,4933028,8719461,9070879,8387533,52014935,54120233,49867428,60734396,63191112,58254961,129715,135184,124767,243901,253233,234124,373616,388417,358891,"India"
2020-11-05,1098486,1139375,1060088,3976293,4124588,3826411,5074779,5263963,4886499,8770900,9124048,8437382,52309382,54424528,50150878,61080282,63548576,58588260,130774,136311,125810,245799,255219,235959,376573,391530,361769,"India"
2020-11-06,1088001,1128505,1049693,3938557,4085489,3789885,5026558,5213994,4839578,8821842,9176708,8486491,52600933,54726331,50431849,61422775,63903039,58918340,131825,137373,126830,247681,257260,237818,379506,394633,364648,"India"
2020-11-07,1077626,1117851,1039372,3901219,4045007,3753645,4978845,5162858,4793017,8872274,9228950,8534811,52889630,55024319,50709322,61761904,64253269,59244133,132861,138445,127807,249545,259177,239594,382406,397622,367401,"India"
2020-11-08,1067350,1106840,1029770,3864268,4006285,3718823,4931618,5113125,4748593,8922217,9280457,8583415,53175539,55320583,50985231,62097756,64601040,59568646,133892,139533,128777,251390,261140,241365,385282,400673,370142,"India"
2020-11-09,1057172,1096374,1020350,3827579,3968022,3683139,4884751,5064396,4703489,8971693,9331809,8631660,53458632,55613800,51257623,62430325,64945609,59889283,134912,140562,129811,253222,263025,243125,388134,403587,372936,"India"
2020-11-10,1047042,1085165,1010706,3791234,3929079,3648506,4838276,5014244,4659212,9020657,9381833,8679476,53738944,55903824,51527781,62759601,65285657,60207257,135921,141623,130781,255035,264910,244889,390956,406533,375670,"India"
2020-11-11,1037033,1074676,1001013,3755289,3891086,3614252,4792322,4965762,4615265,9069162,9431819,8726279,54016546,56190014,51795338,63085708,65621833,60521617,136923,142683,131733,256833,266751,246634,393756,409434,378367,"India"
2020-11-12,1027115,1064355,991731,3719692,3852898,3580901,4746807,4917253,4572632,9117186,9481624,8772709,54291439,56473907,52060773,63408625,65955531,60833482,137915,143687,132677,258615,268580,248349,396530,412267,381026,"India"
2020-11-13,1017283,1054187,982059,3684417,3815359,3547738,4701700,4869546,4529797,9164742,9530981,8818664,54563648,56756050,52323486,63728390,66287031,61142150,138897,144702,133621,260381,270365,250057,399278,415067,383678,"India"
2020-11-14,1007533,1043981,972595,3649425,3778997,3514535,4656958,4822978,4487130,9211844,9579996,8864036,54833165,57036902,52583104,64045009,66616898,61447140,139866,145649,134549,262129,272175,251710,401995,417824,386259,"India"
2020-11-15,997877,1033969,963672,3614764,3743514,3481330,4612641,4777483,4445002,9258483,9628231,8909431,55100089,57315265,52840665,64358572,66943496,61750096,140829,146627,135494,263864,274002,253365,404693,420629,388859,"India"
2020-11-16,988321,1023992,954719,3580369,3707757,3448271,4568690,4731749,4402990,9304658,9675669,8954254,55364359,57590265,53094093,64669017,67265934,62048347,141782,147623,136400,265583,275771,255046,407365,423394,391446,"India"
2020-11-17,978842,1014422,946032,3546355,3672283,3415253,4525197,4686705,4361285,9350367,9723162,8998748,55626062,57862788,53346274,64976429,67585950,62345022,142724,148614,137307,267284,277550,256676,410008,426164,393983,"India"
2020-11-18,969454,1004469,936743,3512597,3638156,3383525,4482051,4642625,4320268,9395639,9769961,9042055,55885209,58133317,53596513,65280848,67903278,62638568,143661,149601,138200,268971,279287,258259,412632,428888,396459,"India"
2020-11-19,960141,995007,927345,3479178,3603959,3350714,4439319,4598966,4278059,9440461,9816406,9084737,56141827,58400702,53843380,65582288,68217108,62928117,144587,150562,139114,270643,280994,259848,415230,431556,398962,"India"
2020-11-20,950918,985153,918613,3446086,3569466,3319074,4397004,4554619,4237687,9484851,9862181,9127812,56395947,58666021,54087838,65880798,68528202,63215650,145503,151498,139999,272300,282732,261490,417803,434230,401489,"India"
2020-11-21,941785,975734,910203,3413279,3535993,3288376,4355064,4511727,4198579,9528811,9907668,9170391,56647551,58928626,54330876,66176362,68836294,63501267,146412,152453,140849,273942,284414,263067,420354,436867,403916,"India"
2020-11-22,932761,966143,901900,3380689,3502483,3256827,4313450,4468626,4158727,9572353,9952448,9212961,56896633,59188441,54570303,66468986,69140889,63783264,147311,153371,141720,275565,286086,264650,422876,439457,406370,"India"
2020-11-23,923796,956492,893404,3348440,3468914,3226177,4272236,4425406,4119581,9615456,9996687,9255350,57143305,59444752,54808556,66758761,69441439,64063906,148203,154297,142567,277179,287755,266200,425382,442052,408767,"India"
2020-11-24,914897,947583,884684,3316484,3435248,3195128,4231381,4382831,4079812,9658123,10041162,9296668,57387529,59699031,55044274,67045652,69740193,64340942,149085,155176,143438,278776,289412,267735,427861,444588,411173,"India"
2020-11-25,906097,938285,876485,3284804,3402036,3164902,4190901,4340321,4041387,9700383,10084560,9337885,57629324,59951263,55277579,67329707,70035823,64615464,149960,156075,144238,280357,291029,269259,430317,447104,413497,"India"
2020-11-26,897384,929175,868408,3253482,3369171,3134855,4150866,4298346,4003263,9742231,10127800,9378999,57868816,60199753,55508175,67611047,70327553,64887174,150825,156996,145043,281920,292688,270775,432745,449684,415818,"India"
2020-11-27,888780,920383,860070,3222395,3336646,3106159,4111175,4257029,3966229,9783685,10170637,9419163,58105914,60446455,55738086,67889599,70617092,65157249,151681,157893,145862,283474,294316,272302,435155,452209,418164,"India"
2020-11-28,880230,911205,851502,3191608,3304457,3076614,4071838,4215662,3928116,9824707,10212664,9458925,58340721,60691392,55964534,68165428,70904056,65423459,152528,158763,146703,285012,295898,273812,437540,454661,420515,"India"
2020-11-29,871747,902606,843178,3161077,3273695,3047230,4032824,4176301,3890408,9865325,10255111,9498052,58573169,60934513,56189274,68438494,71189624,65687326,153371,159638,147514,286536,297483,275275,439907,457121,422789,"India"
2020-11-30,863326,893922,834705,3130826,3242819,3018559,3994152,4136741,3853264,9905548,10296981,9536678,58803334,61175389,56411854,68708882,71472370,65948532,154202,160559,148336,288045,299081,276709,442247,459640,425045,"India"
2020-12-01,854993,885012,826584,3100886,3212191,2989319,3955879,4097203,3815903,9945367,10337804,9575402,59031251,61413540,56631257,68976618,71751344,66206659,155026,161435,149150,289539,300659,278125,444565,462094,427275,"India"
2020-12-02,846739,876502,818458,3071175,3182242,2960951,3917914,4058744,3779409,9984807,10378643,9613911,59256908,61649532,56849395,69241715,72028175,66463306,155841,162278,149968,291019,302218,279545,446860,464496,429513,"India"
2020-12-03,838581,867952,810596,3041716,3152377,2932438,3880297,4020329,3743034,10023847,10418755,9651584,59480308,61883016,57064729,69504155,72301771,66716313,156650,163131,150765,292487,303724,280961,449137,466855,431726,"India"
2020-12-04,830479,859516,802605,3012545,3122200,2904726,3843024,3981716,3707331,10062500,10458302,9689207,59701539,62113347,57278475,69764039,72571649,66967682,157451,163962,151541,293941,305221,282335,451392,469183,433876,"India"
2020-12-05,822460,851157,795213,2983641,3092287,2877256,3806101,3943444,3672469,10100782,10497685,9726798,59920576,62341977,57490347,70021358,72839662,67217145,158242,164781,152256,295379,306710,283746,453621,471491,436002,"India"
2020-12-06,814527,842757,787735,2954960,3062785,2849493,3769487,3905542,3637228,10138685,10536549,9763677,60137447,62567896,57699868,70276132,73104445,67463545,159027,165576,152986,296807,308196,285113,455834,473772,438099,"India"
2020-12-07,806632,834576,780411,2926570,3033302,2822925,3733202,3867878,3603336,10176206,10575266,9800581,60352172,62788589,57908029,70528378,73363855,67708610,159806,166354,153774,298218,309627,286518,458024,475981,440292,"India"
2020-12-08,798813,826504,772920,2898436,3003963,2795652,3697249,3830467,3568572,10213340,10613441,9836636,60564801,63007061,58113251,70778141,73620502,67949887,160576,167139,154541,299613,311078,287838,460189,478217,442379,"India"
2020-12-09,791095,818654,765389,2870493,2974496,2768499,3661588,3793150,3533888,10250124,10651613,9872158,60775252,63224198,58316202,71025376,73875811,68188360,161339,167907,155258,300997,312504,289173,462336,480411,444431,"India"
2020-12-10,783448,810526,758086,2842876,2946279,2741419,3626324,3756805,3499505,10286557,10689412,9907576,60983655,63439485,58516545,71270212,74128897,68424121,162095,168691,155965,302370,313912,290523,464465,482603,446488,"India"
2020-12-11,775847,802351,750554,2815510,2917583,2715716,3591357,3719934,3466270,10322610,10726369,9942323,61189982,63652230,58716365,71512592,74378599,68658688,162844,169464,156721,303731,315336,291818,466575,484800,448539,"India"
2020-12-12,768320,794826,743381,2788379,2890036,2689003,3556699,3684862,3432384,10358307,10763701,9977056,61394292,63862908,58913839,71752599,74626609,68890895,163584,170267,157453,305078,316739,293123,468662,487006,450576,"India"
2020-12-13,760893,787197,736182,2761450,2861420,2663199,3522343,3648617,3399381,10393663,10800458,10011382,61596553,64071178,59109441,71990216,74871636,69120823,164318,170993,158163,306416,318139,294376,470734,489132,452539,"India"
2020-12-14,753520,779437,728803,2734835,2833860,2636876,3488355,3613297,3365679,10428656,10836554,10045323,61796824,64276833,59302144,72225480,75113387,69347467,165043,171747,158877,307738,319495,295660,472781,491242,454537,"India"
2020-12-15,746208,771822,721869,2708403,2806388,2610880,3454611,3578210,3332749,10463313,10872456,10079243,61995065,64479043,59493071,72458378,75351499,69572314,165763,172505,159536,309044,320857,296974,474807,493362,456510,"India"
2020-12-16,738992,764350,714992,2682207,2779089,2585519,3421199,3543439,3300511,10497626,10908181,10112520,62191336,64678970,59682984,72688962,75587151,69795504,166476,173234,160212,310343,322167,298235,476819,495401,458447,"India"
2020-12-17,731812,756672,708119,2656303,2752244,2560811,3388115,3508916,3268930,10531591,10943067,10145309,62385694,64877107,59871129,72917285,75820174,70016438,167181,173969,160881,311627,323447,299451,478808,497416,460332,"India"
2020-12-18,724707,749401,701313,2630588,2724755,2536690,3355295,3474156,3238003,10565213,10978154,10178049,62578057,65072305,60058213,73143270,76050459,70236262,167881,174684,161587,312902,324746,300648,480783,499430,462235,"India"
2020-12-19,717660,742044,694498,2605151,2698207,2512427,3322811,3440251,3206925,10598501,11012416,10210321,62768565,65267033,60242587,73367066,76279449,70452908,168573,175384,162291,314162,326027,301882,482735,501411,464173,"India"
2020-12-20,710690,734774,687833,2579893,2672104,2488621,3290583,3406878,3176454,10631467,11046363,10242454,62957158,65459486,60424748,73588625,76505849,70667202,169259,176079,162973,315410,327296,303080,484669,503375,466053,"India"
2020-12-21,703772,727472,681187,2554866,2645329,2464351,3258638,3372801,3145538,10664091,11079821,10274250,63143866,65648455,60604707,73807957,76728276,70878957,169938,176766,163648,316649,328542,304264,486587,505308,467912,"India"
2020-12-22,696929,720302,674829,2530094,2619601,2439975,3227023,3339903,3114804,10696390,11113066,10305895,63328713,65836735,60782694,74025103,76949801,71088589,170609,177483,164294,317876,329833,305386,488485,507316,469680,"India"
2020-12-23,690139,713402,667832,2505572,2594528,2416756,3195711,3307930,3084588,10728370,11146061,10336243,63511708,66023104,60960106,74240078,77169165,71296349,171274,178175,164936,319090,331041,306590,490364,509216,471526,"India"
2020-12-24,683404,706400,661396,2481198,2569931,2392898,3164602,3276331,3054294,10760026,11178653,10367039,63692863,66208597,61135507,74452889,77387250,71502546,171933,178844,165564,320294,332259,307757,492227,511103,473321,"India"
2020-12-25,676754,699741,654984,2457128,2544821,2369067,3133882,3244562,3024051,10791371,11211051,10397051,63872219,66391184,61308199,74663590,77602235,71705250,172587,179509,166228,321483,333488,308915,494070,512997,475143,"India"
2020-12-26,670150,692991,648588,2433284,2519861,2345658,3103434,3212852,2994246,10822403,11243117,10427001,64049791,66573665,61479180,74872194,77816782,71906181,173233,180181,166856,322663,334696,310060,495896,514877,476916,"India"
2020-12-27,663605,686015,642444,2409636,2495442,2322806,3073241,3181457,2965250,10853116,11274390,10457068,64225595,66754930,61649330,75078711,78029320,72106398,173871,180853,167444,323829,335895,311191,497700,516748,478635,"India"
2020-12-28,657142,679180,635906,2386184,2470944,2300140,3043326,3150124,2936046,10883540,11305635,10486294,64399621,66934675,61817618,75283161,78240310,72303912,174505,181531,168056,324984,337140,312329,499489,518671,480385,"India"
2020-12-29,650735,672747,629804,2362947,2447167,2278118,3013682,3119914,2907922,10913650,11336692,10515582,64571892,67113253,61984594,75485542,78449945,72500176,175132,182180,168646,326127,338318,313453,501259,520498,482099,"India"
2020-12-30,644369,666304,623488,2339910,2423161,2255970,2984279,3089465,2879458,10943449,11367359,10544596,64742425,67290007,62150071,75685874,78657366,72694667,175754,182831,169284,327262,339483,314541,503016,522314,483825,"India"
2020-12-31,638085,659745,617312,2317099,2400313,2234551,2955184,3060058,2851863,10972972,11397688,10572763,64911284,67466366,62313391,75884256,78864054,72886154,176370,183467,169869,328386,340600,315635,504756,524067,485504,"India"
2021-01-01,631857,653389,611164,2294486,2377317,2212358,2926343,3030706,2823522,11002189,11427510,10601051,65078438,67639793,62475624,76080627,79067303,73076675,176978,184093,170471,329498,341759,316692,506476,525852,487163,"India"
2021-01-02,625671,647015,604951,2272099,2354155,2190531,2897770,3001170,2795482,11031096,11457038,10628882,65243903,67810725,62635549,76274999,79267763,73264431,177581,184704,171052,330599,342887,317739,508180,527591,488791,"India"
2021-01-03,619544,640726,599286,2249889,2331618,2169759,2869433,2972344,2769045,11059718,11486430,10656984,65407691,67981394,62795285,76467409,79467824,73452269,178178,185331,171640,331687,343962,318778,509865,529293,490418,"India"
2021-01-04,613467,634181,593691,2227932,2308997,2148395,2841399,2943178,2742086,11088049,11515264,10684563,65569857,68149555,62951888,76657906,79664819,73636451,178770,185931,172227,332765,345098,319834,511535,531029,492061,"India"
2021-01-05,607479,628043,587632,2206179,2286832,2127235,2813658,2914875,2714867,11116110,11544052,10711742,65730385,68315774,63106924,76846495,79859826,73818666,179357,186533,172806,333834,346191,320876,513191,532724,493682,"India"
2021-01-06,601526,621804,581976,2184605,2264772,2106556,2786131,2886576,2688532,11143874,11572763,10738728,65889290,68481018,63261366,77033164,80053781,74000094,179936,187152,173381,334894,347292,321874,514830,534444,495255,"India"
2021-01-07,595642,615466,576251,2163262,2242588,2086185,2758904,2858054,2662436,11171361,11600827,10765576,66046608,68643953,63414296,77217969,80244780,74179872,180511,187760,173912,335944,348369,322882,516455,536129,496794,"India"
2021-01-08,589798,609456,570471,2142085,2220965,2065837,2731883,2830421,2636308,11198563,11628800,10792013,66202298,68805499,63565215,77400861,80434299,74357228,181080,188357,174475,336983,349429,323886,518063,537786,498361,"India"
2021-01-09,584020,603830,564836,2121114,2199631,2045555,2705134,2803461,2610391,11225504,11656851,10818150,66356427,68965132,63715282,77581931,80621983,74533432,181641,188922,175005,338012,350493,324877,519653,539415,499882,"India"
2021-01-10,578297,597808,559148,2100316,2178675,2025984,2678613,2776483,2585132,11252180,11684224,10843966,66509001,69122724,63863835,77761181,80806948,74707801,182200,189503,175534,339029,351553,325876,521229,541056,501410,"India"
2021-01-11,572620,591905,553649,2079723,2157610,2005800,2652343,2749515,2559449,11278572,11711396,10869661,66660055,69277953,64010079,77938627,80989349,74879740,182753,190076,176079,340039,352591,326876,522792,542667,502955,"India"
2021-01-12,566996,586111,548406,2059329,2136598,1986629,2626325,2722709,2535035,11304706,11738340,10895071,66809594,69430842,64155031,78114300,81169182,75050102,183301,190613,176625,341039,353624,327814,524340,544237,504439,"India"
2021-01-13,561413,580210,542828,2039122,2116387,1967324,2600535,2696597,2510152,11330567,11764686,10919975,66957604,69583487,64298844,78288171,81348173,75218819,183845,191144,177171,342028,354622,328757,525873,545766,505928,"India"
2021-01-14,555885,574757,537496,2019080,2095668,1948037,2574965,2670425,2485533,11356162,11791113,10944870,67104088,69733837,64440972,78460250,81524950,75385842,184382,191714,177704,343008,355660,329695,527390,547374,507399,"India"
2021-01-15,550433,569060,532229,1999249,2075648,1929004,2549682,2644708,2461233,11381513,11816876,10969522,67249098,69883585,64581489,78630611,81700461,75551011,184911,192252,178215,343979,356642,330626,528890,548894,508841,"India"
2021-01-16,545018,563522,527038,1979602,2055704,1910774,2524620,2619226,2437812,11406602,11842669,10994122,67392630,70031052,64721445,78799232,81873721,75715567,185438,192820,178731,344939,357653,331502,530377,550473,510233,"India"
2021-01-17,539642,558074,521746,1960126,2035246,1891440,2499768,2593320,2413186,11431424,11868023,11018151,67534726,70176649,64858517,78966150,82044672,75876668,185959,193331,179234,345888,358613,332400,531847,551944,511634,"India"
2021-01-18,534341,552722,516328,1940857,2015549,1872739,2475198,2568271,2389067,11456007,11893440,11041500,67675380,70321052,64994624,79131387,82214492,76036124,186473,193884,179752,346830,359574,333299,533303,553458,513051,"India"
2021-01-19,529084,547408,511413,1921717,1995731,1854276,2450801,2543139,2365689,11480348,11918593,11065275,67814585,70463280,65129891,79294933,82381873,76195166,186984,194412,180246,347764,360536,334173,534748,554948,514419,"India"
2021-01-20,523885,542084,506347,1902794,1975882,1835770,2426679,2517966,2342117,11504442,11943545,11088636,67952402,70604351,65263534,79456844,82547896,76352170,187487,194928,180728,348688,361521,335061,536175,556449,515789,"India"
2021-01-21,518709,536861,500954,1884064,1955937,1817261,2402773,2492798,2318215,11528282,11968131,11111484,68088805,70743128,65395309,79617087,82711259,76506793,187989,195471,181221,349604,362507,335916,537593,557978,517137,"India"
2021-01-22,513612,531676,496000,1865409,1936656,1798577,2379021,2468332,2294577,11551899,11992172,11134563,68223794,70880891,65525863,79775693,82873063,76660426,188484,195958,181692,350507,363421,336803,538991,559379,518495,"India"
2021-01-23,508548,526318,491226,1847038,1918128,1780536,2355586,2444446,2271762,11575266,12015676,11157406,68357470,71018243,65655512,79932736,83033919,76812918,188974,196434,182203,351404,364368,337660,540378,560802,519863,"India"
